image_width: 640
image_height: 480
narrow_stereo:
  camera_matrix:
    rows: 3
    cols: 3
    data: [313.937147, 0.000000, 305.368173, 0.000000, 317.400327, 238.640882, 0.000000, 0.000000, 1.000000]
  distortion_coefficients:
    rows: 1
    cols: 5
    data: [-0.644512, 0.275319, -0.008494, 0.003914, 0.000000]
  rectification_matrix:
    rows: 3
    cols: 3
    data: [1.000000, 0.000000, 0.000000, 0.000000, 1.000000, 0.000000, 0.000000, 0.000000, 1.000000]
  projection_matrix:
    rows: 3
    cols: 4
    data: [247.726761, 0.000000, 289.877539, 0.000000, 0.000000, 228.757309, 248.793939, 0.000000, 0.000000, 0.000000, 1.000000, 0.000000]